0 SOURCE 16 910 1
1 Y 113 905 3 0 2
2 T 313 1113 4 5 1
3 T 303 694 1 5 6
4 T 541 1316 7 8 2
5 X 523 908 2 3 9 8
6 T 504 483 3 9 10
7 T 728 1510 11 12 4
8 X 724 1111 4 5 13 12
9 X 717 700 5 6 14 13
10 T 698 282 6 14 15
11 L 920 1718 7 16
12 X 929 1312 7 8 17 16
13 X 931 908 8 9 18 17
14 X 922 504 9 10 19 18
15 L 912 84 10 19
16 T 1127 1511 20 12 11
17 X 1130 1106 12 13 21 20
18 X 1123 705 13 14 22 21
19 T 1118 291 22 14 15
20 T 1328 1313 23 17 16
21 X 1328 905 17 18 24 23
22 T 1312 480 19 18 24
23 T 1528 1100 25 21 20
24 T 1522 693 22 21 25
25 Y 1718 889 23 24 26
26 SINK 1828 884 25
