74.143
44.564
108.958
108.655
88.086
11.978
33.165
48.368
59.248
79.6
72.494
41.726
43.908
44.958
60.208
33.294
25.471
19.093
27.797
36.213
59.076
57.23
25.368
22.297
17.881
49.978
11.968
28.219
20.658
18.779
54.84
69.571
14.215
81.151
30.019
36.565
15.804
25.183
81.383
3.209
36.717
39.472
63.089
64.892
33.973
2.587
57.609
71.182
97.894
13.23
69.769
66.967
100.773
83.752
78.742
78.479
68.792
69.397
94.477
93.406
54.152
56.384
59.347
43.241
72.611
89.027
25.817
28.51
78.86
38.382
99.164
52.572
27.224
100.471
56.139
23.609
96.764
121.886
157.539
132.838
68.163
92.08